[#]-SORTOWANIE BABELKOWE!-

TWOJE ELEMENTY W TABLICY: 341  463  467  629  771  782  1308  1450  1495  1713  1877  1929  2437  2459  2658  2897  3164  3350  3488  3595  3780  3793  3805  3927  3943  4010  4411  4460  4763  4847  5039  5287  5709  5920  6267  6476  6783  6806  6866  7452  7455  8175  8413  8456  8769  8900  9023  9128  9380  9844 
WYKONANO 607 PRZESUNIEC

[#]-SORTOWANIE SELECTION!-

TWOJE ELEMENTY W TABLICY: 341  463  467  629  771  782  1308  1450  1495  1713  1877  1929  2437  2459  2658  2897  3164  3350  3488  3595  3780  3793  3805  3927  3943  4010  4411  4460  4763  4847  5039  5287  5709  5920  6267  6476  6783  6806  6866  7452  7455  8175  8413  8456  8769  8900  9023  9128  9380  9844 
WYKONANO 43 PRZESUNIEC


[#]-SORTOWANIE INSERTION!-

TWOJE ELEMENTY W TABLICY: 341  463  467  629  771  782  1308  1450  1495  1713  1877  1929  2437  2459  2658  2897  3164  3350  3488  3595  3780  3793  3805  3927  3943  4010  4411  4460  4763  4847  5039  5287  5709  5920  6267  6476  6783  6806  6866  7452  7455  8175  8413  8456  8769  8900  9023  9128  9380  9844 
WYKONANO 607 PRZESUNIEC

